{
  "matrix_A": [
    [
      0.8784780763400104,
      0.5269841650998764,
      0.4084087174579978,
      0.3660249629490514,
      0.7439842440113181,
      0.2980832758526547,
      0.6229920261571092,
      0.75023547723927,
      0.9284422632671311,
      0.8798083751012007
    ],
    [
      0.22263153213133213,
      0.823009949244866,
      0.23923343163497213,
      0.08938200537357299,
      0.8098028044209792,
      0.7101241723071301,
      0.853520625367105,
      0.4988023485992462,
      0.7576517799921445,
      0.9466738028766493
    ],
    [
      0.9638008999987119,
      0.7496450129238134,
      0.49792253088092175,
      0.7686410592812342,
      0.7234659262671989,
      0.7819237449768671,
      0.9505173295163467,
      0.5556389774210011,
      0.43770380473871473,
      0.4614604659179321
    ],
    [
      0.8621445293016615,
      0.24829982753908775,
      0.4485192485879135,
      0.4412827681002667,
      0.6791691067636725,
      0.774053713449948,
      0.41537008228121397,
      0.6009130214110884,
      0.01728496941269142,
      0.9937087199827638
    ],
    [
      0.6908914595486334,
      0.26723545101769497,
      0.06693329139767246,
      0.8732874249020721,
      0.46197919802707954,
      0.06099932221174509,
      0.91791675267243,
      0.25760847669219766,
      0.19417372641824981,
      0.36596077157437845
    ],
    [
      0.3536233503765871,
      0.7124462350751073,
      0.6694012461332586,
      0.28828292767279795,
      0.8580866287186676,
      0.47398488758052937,
      0.6119615507418591,
      0.9371987021513118,
      0.22221459344429184,
      0.02202297100615358
    ],
    [
      0.7216190418482528,
      0.48928651184599026,
      0.7430590762766978,
      0.0830629581572836,
      0.28647545805421093,
      0.2843192721903445,
      0.7098703763388647,
      0.07750137308872884,
      0.5969609058303558,
      0.05839753096495426
    ],
    [
      0.6005015003667493,
      0.3894501211327004,
      0.9985322059924842,
      0.3132668553934649,
      0.39312728738443414,
      0.39602227275260593,
      0.553685131251807,
      0.5959677884080485,
      0.29221502097394747,
      0.26210754277673676
    ],
    [
      0.3301473716515868,
      0.11157747207095925,
      0.5066159522247266,
      0.5314204000413126,
      0.6973115791971861,
      0.5763448883378278,
      0.5499501337199569,
      0.22925357772558508,
      0.7638940386521484,
      0.19333562825635664
    ],
    [
      0.15194466832830877,
      0.0631620026927836,
      0.6416231163355073,
      0.5997096992403853,
      0.018249588734661537,
      0.3658269216551777,
      0.5525617044176648,
      0.903913958506164,
      0.21980000018053758,
      0.02620137725299576
    ]
  ],
  "matrix_B": [
    [
      0.4014566704088235,
      0.5940648837762519,
      0.41727251409148103,
      0.32389002535200695,
      0.9246197060955499,
      0.061874845050305605,
      0.5159736027414735,
      0.6060239467288547,
      0.657253586148377,
      0.9667973539287829
    ],
    [
      0.012554305171569191,
      0.5788172248307857,
      0.08851050498924962,
      0.1628414985880925,
      0.4096866646458145,
      0.5764984706653418,
      0.5515029952778238,
      0.24008475639955607,
      0.7183638253501703,
      0.22226053418063496
    ],
    [
      0.7637144933475513,
      0.573240525416161,
      0.6020074448085008,
      0.8947921542652482,
      0.6526441989983011,
      0.8738044830943525,
      0.09343630115484647,
      0.369994289576804,
      0.49397118474633994,
      0.04174954537145115
    ],
    [
      0.44318577479203636,
      0.11681759702069461,
      0.6638997010552405,
      0.8477461170497642,
      0.7165707190065125,
      0.09974764925389723,
      0.44906393916851517,
      0.7160074092368857,
      0.4871431407390736,
      0.18400620165614578
    ],
    [
      0.244414143760878,
      0.010296650302060395,
      0.028880735625467224,
      0.9844354496271592,
      0.2267979684580892,
      0.521702569591448,
      0.8134891377447427,
      0.6133199800336159,
      0.6073759733632482,
      0.5867919292064373
    ],
    [
      0.45822736145533305,
      0.4077678594555273,
      0.1540860206045389,
      0.1177965367207261,
      0.24441784037921988,
      0.0016754254067805618,
      0.24006034311930913,
      0.7754011785803467,
      0.5696817952472104,
      0.9707115320838149
    ],
    [
      0.8802969121696361,
      0.2949100026959507,
      0.3934993534510278,
      0.34744057049479626,
      0.5314744069023766,
      0.17133269178963872,
      0.08019941928565555,
      0.8596197696736474,
      0.5313014223225121,
      0.214328164951184
    ],
    [
      0.7713731674386554,
      0.10069929718561066,
      0.18062060442612293,
      0.3858445972275101,
      0.2646784582158932,
      0.5986136800423749,
      0.18420520330134027,
      0.6360368487569954,
      0.6241281295871736,
      0.5085330186032089
    ],
    [
      0.9082220942147474,
      0.05832423847946866,
      0.7769423186050289,
      0.9004783535521307,
      0.6982223310795633,
      0.6173113095414958,
      0.47201045181201784,
      0.4289915486049004,
      0.1267922489333848,
      0.5600948659881044
    ],
    [
      0.6338525358507499,
      0.5366702526274593,
      0.8522440056559774,
      0.4286804966364197,
      0.4689124029318653,
      0.9760883125741849,
      0.51971361737576,
      0.6873470244899539,
      0.8888983390930086,
      0.6482824078934344
    ]
  ],
  "product of matrices": [
    [
      3.6798717217312444,
      2.018576833921789,
      2.8213070634021493,
      3.5327258384120874,
      3.389063530106268,
      3.127927368446336,
      2.706858452459015,
      3.775260843505397,
      3.656707785589041,
      3.3821809129539773
    ],
    [
      3.2696356842914627,
      1.9082956171156025,
      2.3233145478227675,
      2.953892015428615,
      2.6790002739937373,
      2.9664342656776475,
      2.4704468779229476,
      3.559004233929476,
      3.498016223936143,
      3.063768228588732
    ],
    [
      3.60775378953956,
      2.317430906398431,
      2.6276857971115803,
      3.472302360097712,
      3.6034579217784284,
      2.598398863093747,
      2.703671456512947,
      4.224111716335463,
      3.994730619451543,
      3.4747815422312254
    ],
    [
      2.8827734912631042,
      2.0044867551019108,
      2.215888398986933,
      2.672603528451089,
      2.7088798517484016,
      2.3995446205923683,
      2.228776750650279,
      3.5104556675324123,
      3.51624702869777,
      3.187039083754632
    ],
    [
      2.274799818871835,
      1.2394985706786186,
      1.8252329095263664,
      2.279529331549295,
      2.400648400186818,
      1.3720753188418688,
      1.6956534121591116,
      2.7512899545608356,
      2.4182803534112414,
      1.894870542834681
    ],
    [
      2.6942417138327195,
      1.5415954326217574,
      1.5043091190456035,
      2.758254853972695,
      2.31154569712498,
      2.319286964707748,
      1.9172586037371695,
      2.965861927002771,
      2.96433694416066,
      2.2913401879705857
    ],
    [
      2.364307948278207,
      1.5497464985995026,
      1.7058796191738532,
      2.203335023196898,
      2.388601422145707,
      1.7277572679250666,
      1.4335362069474389,
      2.2410954733748016,
      2.1223809912727036,
      1.8605784756088868
    ],
    [
      2.8036021918091367,
      1.7376939094439554,
      1.9424526939506108,
      2.6484404433382336,
      2.555853371244268,
      2.259048490182446,
      1.601810852528302,
      2.7598936606176387,
      2.720854846106795,
      2.1368887284019884
    ],
    [
      2.668189543986346,
      1.1889813545071812,
      1.9304628611603356,
      2.8335566149833604,
      2.338418906105327,
      1.836929992029141,
      1.770854156970665,
      2.7485393319140266,
      2.2621231951892438,
      2.2192039779308455
    ],
    [
      2.389592560608794,
      0.9949062770099456,
      1.4840977409250116,
      1.9529881762826133,
      1.8070816520760105,
      1.4734479414658546,
      0.8733446330238133,
      2.2311126143239988,
      1.8827108173509175,
      1.3820913975682976
    ]
  ]
}