{
  "matrix_A": [
    [
      0.8148283913167729,
      0.1194998657707036,
      0.6653349168283831,
      0.3620613275460731,
      0.5210451102863397,
      0.04092667119712445,
      0.036688004209287195,
      0.7203311011051736,
      0.6434950710891923,
      0.6375213138563268
    ],
    [
      0.47799623145820236,
      0.7346771961302232,
      0.09191631547951451,
      0.3989268825375132,
      0.06096473858328533,
      0.6458390330466126,
      0.4836396134532496,
      0.2852026435957552,
      0.7399660104661137,
      0.9641012417269218
    ],
    [
      0.34745482232691005,
      0.9579070596713118,
      0.6584225987615022,
      0.10500795134066954,
      0.40480305852276743,
      0.12228820336516932,
      0.006534436361404494,
      0.8999619041721749,
      0.862025167434869,
      0.35634682315306976
    ],
    [
      0.5780181835762486,
      0.6419946370763033,
      0.9918146857058889,
      0.07201500272263206,
      0.008256484488508353,
      0.5997441876256216,
      0.744517336361423,
      0.7592858374772994,
      0.6129646511441301,
      0.292951510622957
    ],
    [
      0.29618529683753736,
      0.30712635124997323,
      0.999112376484183,
      0.5705058804134673,
      0.7921356155570953,
      0.18059973979936483,
      0.10882206793214111,
      0.3789189378636333,
      0.8965152309408544,
      0.9542974816650739
    ],
    [
      0.9121637610601678,
      0.3459169885152866,
      0.02890289451398942,
      0.19334135131876196,
      0.5211622112246499,
      0.8259273138230628,
      0.4556880275469416,
      0.2197036153810904,
      0.20694236934524146,
      0.8054475296010671
    ],
    [
      0.014408186820331181,
      0.282613843471026,
      0.2004434498730686,
      0.4348936391142034,
      0.3148570295770715,
      0.35900352939420377,
      0.3672902982375361,
      0.27182848503445145,
      0.8565667598744157,
      0.8535029864310945
    ],
    [
      0.986183738755716,
      0.4098435710174049,
      0.7779894794640164,
      0.3153700632850738,
      0.923576435972257,
      0.8217837286199906,
      0.3342171360275301,
      0.6401774378773735,
      0.9178130689899069,
      0.9326911502840213
    ],
    [
      0.3300464906160595,
      0.28809917311435485,
      0.044486515767646395,
      0.965017166802432,
      0.9183498450835877,
      0.4924975174122532,
      0.7719530133528514,
      0.20872470240359053,
      0.4837135326090165,
      0.5167955580857679
    ],
    [
      0.15536673020592728,
      0.33145787176965713,
      0.3877353823067088,
      0.37679778703535827,
      0.8780262284720545,
      0.07487568428126856,
      0.6784798739375892,
      0.5692658028739744,
      0.4243889793162047,
      0.09557893472998724
    ]
  ],
  "matrix_B": [
    [
      0.38760159552537454,
      0.46067748720763,
      0.43527339548432364,
      0.148499711765801,
      0.25674771756142056,
      0.44952393184684836,
      0.43152222799086926,
      0.5423815459738259,
      0.16995412715572145,
      0.23889730412135501
    ],
    [
      0.04420764396470722,
      0.20391505874078686,
      0.2094313151460514,
      0.8110174929334691,
      0.9228923127599851,
      0.5089539853398277,
      0.23183533452008642,
      0.8108778936056907,
      0.1753210445184925,
      0.7299444552909945
    ],
    [
      0.8680360781058571,
      0.08261754246102282,
      0.14181298475205883,
      0.5028647924291941,
      0.942844535576185,
      0.8704650192181983,
      0.6485089915285265,
      0.6708836398072269,
      0.9752107971653118,
      0.34412872786741155
    ],
    [
      0.26881698603047477,
      0.805944693690005,
      0.7745319091264989,
      0.5457438744619917,
      0.8920055810310406,
      0.4043894614803566,
      0.8704890614507681,
      0.05877071875889284,
      0.7341828812199237,
      0.8435353339747451
    ],
    [
      0.7186675046742063,
      0.8712402297813281,
      0.9394439976893892,
      0.958513997186191,
      0.6241323794004532,
      0.21640642077144145,
      0.4899405734382626,
      0.30551988099831695,
      0.3851325493622534,
      0.5403242217234945
    ],
    [
      0.11172806055878526,
      0.092365970894013,
      0.6030483765632335,
      0.040003248110305645,
      0.6148065599681167,
      0.46884930242847844,
      0.32486611836810775,
      0.021559436464123283,
      0.024554947011950934,
      0.9889336981764658
    ],
    [
      0.6216983375364411,
      0.1440686332387674,
      0.15884441118390846,
      0.41946355705340554,
      0.7898687096779583,
      0.24877027197979862,
      0.7872266234314225,
      0.7015576126992134,
      0.3091650638194745,
      0.605213281915578
    ],
    [
      0.9147364781509562,
      0.5026995234717618,
      0.92366130063008,
      0.8443721976888051,
      0.5286990967145946,
      0.7420505157241358,
      0.3902005918977367,
      0.4115969737225105,
      0.031095801735838702,
      0.826205551795009
    ],
    [
      0.8109852909324737,
      0.8659025450001303,
      0.040771478185162024,
      0.5836753303324336,
      0.9043718238184638,
      0.4615840639360236,
      0.9227942379355855,
      0.968251505961465,
      0.9251819673238063,
      0.6611813868507238
    ],
    [
      0.7539940446766547,
      0.09410466217730928,
      0.7631880360289844,
      0.47462682712680715,
      0.2651146067520015,
      0.9966468295355136,
      0.011409720707196258,
      0.6903490235950885,
      0.022720711597875254,
      0.724388725166796
    ]
  ],
  "product of matrices": [
    [
      3.0592797027584426,
      2.1888397922788783,
      2.4526093112004568,
      2.552944502741336,
      2.780914195577722,
      2.7606749163336697,
      2.3055866638467517,
      2.5519627313757365,
      1.919348592482826,
      2.6428938474621666
    ],
    [
      2.409338519661346,
      1.7564026372885932,
      2.2368992548119535,
      2.3481975506043793,
      3.1359762305730805,
      2.7804886289455713,
      2.208997212487105,
      2.8113792219376004,
      1.4968042778448223,
      3.406215178630143
    ],
    [
      2.8764287214654596,
      2.091715636786298,
      2.119997578695865,
      3.0447009908428146,
      3.3705798213966713,
      2.826746322454259,
      2.284316592933853,
      2.9950736596558447,
      1.9407259793206624,
      3.0126417045617377
    ],
    [
      3.0810542020233376,
      1.6470530534552728,
      2.020065025568797,
      2.6266932515362824,
      3.7356597742206716,
      3.085563370087062,
      2.7543958976202347,
      3.149747235623575,
      2.0763481066669045,
      3.3017444972339796
    ],
    [
      3.599327427892705,
      2.520494546825839,
      2.7620222100119634,
      3.2151389708253832,
      3.765893475411756,
      3.3191151866720796,
      2.862045261835743,
      3.1185687994021376,
      2.703445093265783,
      3.389586425054375
    ],
    [
      2.172133360341022,
      1.6103899235985308,
      2.5094716440505667,
      1.9483612468015186,
      2.4629919057547953,
      2.3641185697746963,
      1.8291277361553604,
      2.1495553877018025,
      0.964278348817279,
      2.9194264933013345
    ],
    [
      2.390559966352132,
      1.750387940835385,
      1.9387374400513093,
      2.1742786642016525,
      2.6934237092174342,
      2.2762153062343344,
      2.046567617968015,
      2.289094386844896,
      1.6307183381201409,
      2.8022056617637405
    ],
    [
      4.156977414936644,
      2.9893684855534426,
      3.62654546443081,
      3.619433090896092,
      4.407712094693376,
      3.95320911653044,
      3.389599647162702,
      3.7381080316247224,
      2.599152045203857,
      4.393897015322047
    ],
    [
      2.6065009603099902,
      2.521433595024903,
      2.8470261322711887,
      2.759305053559694,
      3.4238913736747865,
      2.2388640139629565,
      2.8294443851953814,
      2.2429821432560706,
      1.9286814582832745,
      3.43556181799298
    ],
    [
      2.510883116574219,
      2.007154102624264,
      2.0777118068671827,
      2.5954388065942324,
      2.8875336969358516,
      1.8358961726488765,
      2.3268008318537334,
      2.0923775508647773,
      1.701546724015976,
      2.5095915801503788
    ]
  ]
}
